  model_type case  model_r2 model_intercept model_prediction
1 regression    1 0.1178565        5.516584         5.187165
2 regression    1 0.1178565        5.516584         5.187165
3 regression    1 0.1178565        5.516584         5.187165
4 regression    1 0.1178565        5.516584         5.187165
5 regression    1 0.1178565        5.516584         5.187165
6 regression    1 0.1178565        5.516584         5.187165
               feature feature_value feature_weight
1              alcohol          9.40    -0.14136067
2     volatile_acidity          0.70    -0.11221659
3                   pH          3.51    -0.07516158
4 total_sulfur_dioxide         34.00     0.04183254
5       residual_sugar          1.90    -0.02921456
6            sulphates          0.56    -0.02195751
                     feature_desc
1                  alcohol <= 9.5
2         0.64 < volatile_acidity
3                       3.40 < pH
4 22 < total_sulfur_dioxide <= 38
5           residual_sugar <= 1.9
6        0.55 < sulphates <= 0.62
                                                                                              data
1 7.4000, 0.7000, 0.0000, 1.9000, 0.0760, 11.0000, 34.0000, 0.9978, 3.5100, 0.5600, 9.4000, 5.0000
2 7.4000, 0.7000, 0.0000, 1.9000, 0.0760, 11.0000, 34.0000, 0.9978, 3.5100, 0.5600, 9.4000, 5.0000
3 7.4000, 0.7000, 0.0000, 1.9000, 0.0760, 11.0000, 34.0000, 0.9978, 3.5100, 0.5600, 9.4000, 5.0000
4 7.4000, 0.7000, 0.0000, 1.9000, 0.0760, 11.0000, 34.0000, 0.9978, 3.5100, 0.5600, 9.4000, 5.0000
5 7.4000, 0.7000, 0.0000, 1.9000, 0.0760, 11.0000, 34.0000, 0.9978, 3.5100, 0.5600, 9.4000, 5.0000
6 7.4000, 0.7000, 0.0000, 1.9000, 0.0760, 11.0000, 34.0000, 0.9978, 3.5100, 0.5600, 9.4000, 5.0000
  prediction
1   5.032032
2   5.032032
3   5.032032
4   5.032032
5   5.032032
6   5.032032
